3.14259
3.14549
3.1457
3.14201
3.13921
3.14322
3.13809
3.14163
3.13777
3.1419
3.14558
3.14296
3.14255
3.14339
3.14231
3.14034
3.14373
3.14632
3.14183
3.139
3.14423
3.1429
3.14243
3.14373
3.14161
3.14186
3.13977
3.14014
3.1436
3.1457
3.1469
3.14102
3.14534
3.14229
3.14197
3.14226
3.14209
3.14008
3.14442
3.14379
3.14206
3.13826
3.14335
3.14083
3.14275
3.14063
3.14334
3.14227
3.145
3.14385
3.13863
3.14117
3.14051
3.14342
3.14376
3.13937
3.14222
3.14023
3.13689
3.13785
3.14485
3.13529
3.14042
3.14112
3.14371
3.14066
3.14403
3.13503
3.14108
3.14365
3.14067
3.14071
3.14009
3.14555
3.14164
3.13864
3.13856
3.14303
3.13706
3.14168
3.14011
3.13913
3.13804
3.14458
3.14169
3.14166
3.14041
3.14061
3.14125
3.14477
3.14244
3.13628
3.1409
3.14139
3.1428
3.14045
3.14151
3.13746
3.14428
3.14232
3.14454
3.13807
3.14162
3.14324
3.14102
3.1433
3.14317
3.1448
3.14177
3.14274
3.14143
3.1424
3.14406
3.14123
3.13706
3.1464
3.14162
3.13955
3.142
3.14326
3.13692
3.14698
3.1416
3.14679
3.14104
3.1406
3.1416
3.14268
3.14177
3.14094
3.13991
3.14094
3.1383
3.14058
3.13789
3.14025
3.1411
3.13794
3.14169
3.14131
3.14174
3.13771
3.14406
3.14487
3.1457
3.14279
3.13922
3.1401
3.14493
3.14545
3.13885
3.13837
3.14626
3.14039
3.13985
3.14482
3.13873
3.14262
3.13617
3.1408
3.13999
3.13638
3.13718
3.14437
3.14012
3.14416
3.14655
3.14137
3.14644
3.14209
3.14281
3.14211
3.14048
3.13629
3.14028
3.14378
3.14566
3.1431
3.13865
3.13806
3.14136
3.14377
3.14167
3.13963
3.13598
3.14195
3.13983
3.14336
3.14097
3.14347
3.14021
3.14197
3.14329
3.14121
3.13924
3.13779
3.14363
3.13844
3.14062
3.1398
3.13908
3.13917
3.14142
3.14304
3.14247
3.14304
3.13911
3.14516
3.13921
3.14077
3.14758
3.14283
3.13627
3.14387
3.14098
3.13981
3.14031
3.1424
3.14303
3.14041
3.14198
3.13896
3.13721
3.13708
3.14048
3.14126
3.14127
3.14112
3.14417
3.13686
3.14117
3.14119
3.14411
3.14
3.14018
3.14145
3.14435
3.14072
3.14138
3.14006
3.1415
3.14496
3.1402
3.14117
3.13856
3.142
3.14104
3.14344
3.13929
3.14881
3.13885
3.14306
3.14671
3.1384
3.14037
3.141
3.14083
3.14594
3.14559
3.13592
3.13995
3.13998
3.13813
3.13938
3.14287
3.14125
3.14332
3.13392
3.14523
3.14509
3.13513
3.14006
3.14119
3.14543
3.14244
3.14238
3.13975
3.14515
3.14158
3.14052
3.13878
3.13954
3.14554
3.13964
3.1414
3.14491
3.14182
3.13964
3.14039
3.14299
3.14257
3.13705
3.14344
3.14005
3.14032
3.13962
3.14358
3.1425
3.14316
3.13873
3.13608
3.13975
3.14595
3.13879
3.13865
3.14266
3.13977
3.14503
3.14139
3.14311
3.14286
3.14287
3.14318
3.1413
3.13821
3.14568
3.14005
3.14551
3.13809
3.13977
3.1459
3.13858
3.13945
3.14022
3.14618
3.14171
3.14204
3.14156
3.14111
3.14145
3.13988
3.14253
3.14257
3.13827
3.1368
3.14419
3.14159
3.14031
3.14134
3.14018
3.14312
3.14357
3.13846
3.13973
3.13691
3.14236
3.14459
3.14185
3.14582
3.13737
3.14329
3.13882
3.13977
3.14092
3.14236
3.14718
3.14167
3.14223
3.14464
3.14474
3.13957
3.14021
3.14575
3.14395
3.14502
3.13916
3.14138
3.14393
3.14242
3.14002
3.14668
3.1427
3.14274
3.1375
3.13998
3.14434
3.13996
3.14028
3.14312
3.14154
3.1406
3.14302
3.14002
3.14239
3.14267
3.14177
3.14311
3.14202
3.14566
3.14
3.13762
3.14148
3.14163
3.14005
3.13993
3.14323
3.14205
3.13956
3.13941
3.14032
3.1389
3.13536
3.13913
3.13946
3.14103
3.14233
3.14288
3.14076
3.14183
3.1383
